0 47 2404 337
1 32 2212 333
2 30 2209 312
3 13 1875 283
4 13 1840 298
5 22 2852 353
6 34 3799 493
7 76 4455 445
8 226 10799 1081
9 354 17496 2312
10 408 13400 2602
11 441 14932 3738
12 444 12075 4167
13 288 15710 4570
14 274 12396 2840
15 274 10359 1481
16 265 11021 1734
17 174 18392 3250
18 255 21367 2396
19 298 494 401
20 215 342 238
21 122 370 224
22 38 279 82
23 26 231 91
24 38 208 90
25 33 201 84
26 38 256 111
27 0 228 20
28 2 17 15
29 0 17 27
30 6 0 18
31 17 0 16
32 28 0 22
33 81 0 31
34 184 0 41
35 99590 0 6
36 127852 44841 0
37 122660 10604 0
38 127174 57739 0
39 118033 19112 0
40 60758 1508 0
41 43384 19497 0
42 55 24 0
